version https://git-lfs.github.com/spec/v1
oid sha256:e1ccb08236b9cde8aaac22f9ff9cefcdf8100ec192a0a7d8fe8ba04aedfda0d1
size 413
